digraph Tree {
node [shape=box] ;
0 [label="X[1] <= -10.033\ngini = 0.973\nsamples = 100\nvalue = [1, 1, 1, 1, 1, 1, 1, 1, 1, 1, 1, 1, 2, 1\n3, 1, 2, 2, 3, 2, 4, 1, 3, 6, 3, 2, 3, 3\n2, 1, 1, 3, 2, 2, 1, 2, 2, 2, 2, 5, 3, 1\n4, 1, 2, 3, 4, 1, 2, 1]"] ;
1 [label="X[0] <= 107.55\ngini = 0.967\nsamples = 72\nvalue = [1, 1, 1, 1, 1, 1, 1, 1, 1, 1, 1, 1, 2, 1\n3, 1, 2, 2, 3, 2, 4, 1, 3, 6, 3, 1, 2, 3\n2, 1, 1, 0, 2, 2, 0, 1, 1, 1, 0, 3, 0, 1\n1, 0, 1, 0, 3, 0, 0, 1]"] ;
0 -> 1 [labeldistance=2.5, labelangle=45, headlabel="True"] ;
2 [label="X[0] <= 47.25\ngini = 0.938\nsamples = 41\nvalue = [0, 0, 0, 0, 0, 0, 0, 0, 0, 0, 0, 0, 1, 0\n1, 1, 1, 2, 3, 1, 0, 0, 2, 6, 3, 0, 2, 2\n2, 0, 0, 0, 1, 1, 0, 0, 1, 1, 0, 3, 0, 1\n1, 0, 1, 0, 3, 0, 0, 1]"] ;
1 -> 2 ;
3 [label="X[0] <= 38.35\ngini = 0.843\nsamples = 11\nvalue = [0, 0, 0, 0, 0, 0, 0, 0, 0, 0, 0, 0, 1, 0\n1, 0, 0, 2, 1, 0, 0, 0, 0, 3, 1, 0, 0, 0\n1, 0, 0, 0, 0, 0, 0, 0, 0, 0, 0, 0, 0, 0\n0, 0, 0, 0, 0, 0, 0, 1]"] ;
2 -> 3 ;
4 [label="X[0] <= 31.6\ngini = 0.667\nsamples = 3\nvalue = [0, 0, 0, 0, 0, 0, 0, 0, 0, 0, 0, 0, 1, 0\n1, 0, 0, 0, 1, 0, 0, 0, 0, 0, 0, 0, 0, 0\n0, 0, 0, 0, 0, 0, 0, 0, 0, 0, 0, 0, 0, 0\n0, 0, 0, 0, 0, 0, 0, 0]"] ;
3 -> 4 ;
5 [label="gini = 0.0\nsamples = 1\nvalue = [0, 0, 0, 0, 0, 0, 0, 0, 0, 0, 0, 0, 1, 0\n0, 0, 0, 0, 0, 0, 0, 0, 0, 0, 0, 0, 0, 0\n0, 0, 0, 0, 0, 0, 0, 0, 0, 0, 0, 0, 0, 0\n0, 0, 0, 0, 0, 0, 0, 0]"] ;
4 -> 5 ;
6 [label="X[1] <= -14.451\ngini = 0.5\nsamples = 2\nvalue = [0, 0, 0, 0, 0, 0, 0, 0, 0, 0, 0, 0, 0, 0\n1, 0, 0, 0, 1, 0, 0, 0, 0, 0, 0, 0, 0, 0\n0, 0, 0, 0, 0, 0, 0, 0, 0, 0, 0, 0, 0, 0\n0, 0, 0, 0, 0, 0, 0, 0]"] ;
4 -> 6 ;
7 [label="gini = 0.0\nsamples = 1\nvalue = [0, 0, 0, 0, 0, 0, 0, 0, 0, 0, 0, 0, 0, 0\n1, 0, 0, 0, 0, 0, 0, 0, 0, 0, 0, 0, 0, 0\n0, 0, 0, 0, 0, 0, 0, 0, 0, 0, 0, 0, 0, 0\n0, 0, 0, 0, 0, 0, 0, 0]"] ;
6 -> 7 ;
8 [label="gini = 0.0\nsamples = 1\nvalue = [0, 0, 0, 0, 0, 0, 0, 0, 0, 0, 0, 0, 0, 0\n0, 0, 0, 0, 1, 0, 0, 0, 0, 0, 0, 0, 0, 0\n0, 0, 0, 0, 0, 0, 0, 0, 0, 0, 0, 0, 0, 0\n0, 0, 0, 0, 0, 0, 0, 0]"] ;
6 -> 8 ;
9 [label="X[1] <= -15.649\ngini = 0.75\nsamples = 8\nvalue = [0, 0, 0, 0, 0, 0, 0, 0, 0, 0, 0, 0, 0, 0\n0, 0, 0, 2, 0, 0, 0, 0, 0, 3, 1, 0, 0, 0\n1, 0, 0, 0, 0, 0, 0, 0, 0, 0, 0, 0, 0, 0\n0, 0, 0, 0, 0, 0, 0, 1]"] ;
3 -> 9 ;
10 [label="gini = 0.0\nsamples = 1\nvalue = [0, 0, 0, 0, 0, 0, 0, 0, 0, 0, 0, 0, 0, 0\n0, 0, 0, 0, 0, 0, 0, 0, 0, 0, 1, 0, 0, 0\n0, 0, 0, 0, 0, 0, 0, 0, 0, 0, 0, 0, 0, 0\n0, 0, 0, 0, 0, 0, 0, 0]"] ;
9 -> 10 ;
11 [label="X[0] <= 41.4\ngini = 0.694\nsamples = 7\nvalue = [0, 0, 0, 0, 0, 0, 0, 0, 0, 0, 0, 0, 0, 0\n0, 0, 0, 2, 0, 0, 0, 0, 0, 3, 0, 0, 0, 0\n1, 0, 0, 0, 0, 0, 0, 0, 0, 0, 0, 0, 0, 0\n0, 0, 0, 0, 0, 0, 0, 1]"] ;
9 -> 11 ;
12 [label="gini = 0.0\nsamples = 1\nvalue = [0, 0, 0, 0, 0, 0, 0, 0, 0, 0, 0, 0, 0, 0\n0, 0, 0, 1, 0, 0, 0, 0, 0, 0, 0, 0, 0, 0\n0, 0, 0, 0, 0, 0, 0, 0, 0, 0, 0, 0, 0, 0\n0, 0, 0, 0, 0, 0, 0, 0]"] ;
11 -> 12 ;
13 [label="X[2] <= -6.195\ngini = 0.667\nsamples = 6\nvalue = [0, 0, 0, 0, 0, 0, 0, 0, 0, 0, 0, 0, 0, 0\n0, 0, 0, 1, 0, 0, 0, 0, 0, 3, 0, 0, 0, 0\n1, 0, 0, 0, 0, 0, 0, 0, 0, 0, 0, 0, 0, 0\n0, 0, 0, 0, 0, 0, 0, 1]"] ;
11 -> 13 ;
14 [label="X[1] <= -13.606\ngini = 0.56\nsamples = 5\nvalue = [0, 0, 0, 0, 0, 0, 0, 0, 0, 0, 0, 0, 0, 0\n0, 0, 0, 0, 0, 0, 0, 0, 0, 3, 0, 0, 0, 0\n1, 0, 0, 0, 0, 0, 0, 0, 0, 0, 0, 0, 0, 0\n0, 0, 0, 0, 0, 0, 0, 1]"] ;
13 -> 14 ;
15 [label="gini = 0.0\nsamples = 2\nvalue = [0, 0, 0, 0, 0, 0, 0, 0, 0, 0, 0, 0, 0, 0\n0, 0, 0, 0, 0, 0, 0, 0, 0, 2, 0, 0, 0, 0\n0, 0, 0, 0, 0, 0, 0, 0, 0, 0, 0, 0, 0, 0\n0, 0, 0, 0, 0, 0, 0, 0]"] ;
14 -> 15 ;
16 [label="X[1] <= -11.869\ngini = 0.667\nsamples = 3\nvalue = [0, 0, 0, 0, 0, 0, 0, 0, 0, 0, 0, 0, 0, 0\n0, 0, 0, 0, 0, 0, 0, 0, 0, 1, 0, 0, 0, 0\n1, 0, 0, 0, 0, 0, 0, 0, 0, 0, 0, 0, 0, 0\n0, 0, 0, 0, 0, 0, 0, 1]"] ;
14 -> 16 ;
17 [label="gini = 0.0\nsamples = 1\nvalue = [0, 0, 0, 0, 0, 0, 0, 0, 0, 0, 0, 0, 0, 0\n0, 0, 0, 0, 0, 0, 0, 0, 0, 0, 0, 0, 0, 0\n0, 0, 0, 0, 0, 0, 0, 0, 0, 0, 0, 0, 0, 0\n0, 0, 0, 0, 0, 0, 0, 1]"] ;
16 -> 17 ;
18 [label="X[2] <= -6.749\ngini = 0.5\nsamples = 2\nvalue = [0, 0, 0, 0, 0, 0, 0, 0, 0, 0, 0, 0, 0, 0\n0, 0, 0, 0, 0, 0, 0, 0, 0, 1, 0, 0, 0, 0\n1, 0, 0, 0, 0, 0, 0, 0, 0, 0, 0, 0, 0, 0\n0, 0, 0, 0, 0, 0, 0, 0]"] ;
16 -> 18 ;
19 [label="gini = 0.0\nsamples = 1\nvalue = [0, 0, 0, 0, 0, 0, 0, 0, 0, 0, 0, 0, 0, 0\n0, 0, 0, 0, 0, 0, 0, 0, 0, 0, 0, 0, 0, 0\n1, 0, 0, 0, 0, 0, 0, 0, 0, 0, 0, 0, 0, 0\n0, 0, 0, 0, 0, 0, 0, 0]"] ;
18 -> 19 ;
20 [label="gini = 0.0\nsamples = 1\nvalue = [0, 0, 0, 0, 0, 0, 0, 0, 0, 0, 0, 0, 0, 0\n0, 0, 0, 0, 0, 0, 0, 0, 0, 1, 0, 0, 0, 0\n0, 0, 0, 0, 0, 0, 0, 0, 0, 0, 0, 0, 0, 0\n0, 0, 0, 0, 0, 0, 0, 0]"] ;
18 -> 20 ;
21 [label="gini = 0.0\nsamples = 1\nvalue = [0, 0, 0, 0, 0, 0, 0, 0, 0, 0, 0, 0, 0, 0\n0, 0, 0, 1, 0, 0, 0, 0, 0, 0, 0, 0, 0, 0\n0, 0, 0, 0, 0, 0, 0, 0, 0, 0, 0, 0, 0, 0\n0, 0, 0, 0, 0, 0, 0, 0]"] ;
13 -> 21 ;
22 [label="X[0] <= 63.35\ngini = 0.936\nsamples = 30\nvalue = [0, 0, 0, 0, 0, 0, 0, 0, 0, 0, 0, 0, 0, 0\n0, 1, 1, 0, 2, 1, 0, 0, 2, 3, 2, 0, 2, 2\n1, 0, 0, 0, 1, 1, 0, 0, 1, 1, 0, 3, 0, 1\n1, 0, 1, 0, 3, 0, 0, 0]"] ;
2 -> 22 ;
23 [label="X[0] <= 58.55\ngini = 0.86\nsamples = 11\nvalue = [0, 0, 0, 0, 0, 0, 0, 0, 0, 0, 0, 0, 0, 0\n0, 0, 0, 0, 0, 0, 0, 0, 2, 0, 0, 0, 2, 1\n1, 0, 0, 0, 0, 0, 0, 0, 1, 1, 0, 0, 0, 0\n1, 0, 0, 0, 2, 0, 0, 0]"] ;
22 -> 23 ;
24 [label="X[0] <= 48.45\ngini = 0.816\nsamples = 7\nvalue = [0, 0, 0, 0, 0, 0, 0, 0, 0, 0, 0, 0, 0, 0\n0, 0, 0, 0, 0, 0, 0, 0, 2, 0, 0, 0, 1, 1\n1, 0, 0, 0, 0, 0, 0, 0, 1, 0, 0, 0, 0, 0\n1, 0, 0, 0, 0, 0, 0, 0]"] ;
23 -> 24 ;
25 [label="X[0] <= 47.75\ngini = 0.667\nsamples = 3\nvalue = [0, 0, 0, 0, 0, 0, 0, 0, 0, 0, 0, 0, 0, 0\n0, 0, 0, 0, 0, 0, 0, 0, 0, 0, 0, 0, 1, 1\n1, 0, 0, 0, 0, 0, 0, 0, 0, 0, 0, 0, 0, 0\n0, 0, 0, 0, 0, 0, 0, 0]"] ;
24 -> 25 ;
26 [label="gini = 0.0\nsamples = 1\nvalue = [0, 0, 0, 0, 0, 0, 0, 0, 0, 0, 0, 0, 0, 0\n0, 0, 0, 0, 0, 0, 0, 0, 0, 0, 0, 0, 0, 1\n0, 0, 0, 0, 0, 0, 0, 0, 0, 0, 0, 0, 0, 0\n0, 0, 0, 0, 0, 0, 0, 0]"] ;
25 -> 26 ;
27 [label="X[1] <= -12.875\ngini = 0.5\nsamples = 2\nvalue = [0, 0, 0, 0, 0, 0, 0, 0, 0, 0, 0, 0, 0, 0\n0, 0, 0, 0, 0, 0, 0, 0, 0, 0, 0, 0, 1, 0\n1, 0, 0, 0, 0, 0, 0, 0, 0, 0, 0, 0, 0, 0\n0, 0, 0, 0, 0, 0, 0, 0]"] ;
25 -> 27 ;
28 [label="gini = 0.0\nsamples = 1\nvalue = [0, 0, 0, 0, 0, 0, 0, 0, 0, 0, 0, 0, 0, 0\n0, 0, 0, 0, 0, 0, 0, 0, 0, 0, 0, 0, 0, 0\n1, 0, 0, 0, 0, 0, 0, 0, 0, 0, 0, 0, 0, 0\n0, 0, 0, 0, 0, 0, 0, 0]"] ;
27 -> 28 ;
29 [label="gini = 0.0\nsamples = 1\nvalue = [0, 0, 0, 0, 0, 0, 0, 0, 0, 0, 0, 0, 0, 0\n0, 0, 0, 0, 0, 0, 0, 0, 0, 0, 0, 0, 1, 0\n0, 0, 0, 0, 0, 0, 0, 0, 0, 0, 0, 0, 0, 0\n0, 0, 0, 0, 0, 0, 0, 0]"] ;
27 -> 29 ;
30 [label="X[2] <= -8.011\ngini = 0.625\nsamples = 4\nvalue = [0, 0, 0, 0, 0, 0, 0, 0, 0, 0, 0, 0, 0, 0\n0, 0, 0, 0, 0, 0, 0, 0, 2, 0, 0, 0, 0, 0\n0, 0, 0, 0, 0, 0, 0, 0, 1, 0, 0, 0, 0, 0\n1, 0, 0, 0, 0, 0, 0, 0]"] ;
24 -> 30 ;
31 [label="X[1] <= -14.095\ngini = 0.444\nsamples = 3\nvalue = [0, 0, 0, 0, 0, 0, 0, 0, 0, 0, 0, 0, 0, 0\n0, 0, 0, 0, 0, 0, 0, 0, 2, 0, 0, 0, 0, 0\n0, 0, 0, 0, 0, 0, 0, 0, 0, 0, 0, 0, 0, 0\n1, 0, 0, 0, 0, 0, 0, 0]"] ;
30 -> 31 ;
32 [label="gini = 0.0\nsamples = 1\nvalue = [0, 0, 0, 0, 0, 0, 0, 0, 0, 0, 0, 0, 0, 0\n0, 0, 0, 0, 0, 0, 0, 0, 1, 0, 0, 0, 0, 0\n0, 0, 0, 0, 0, 0, 0, 0, 0, 0, 0, 0, 0, 0\n0, 0, 0, 0, 0, 0, 0, 0]"] ;
31 -> 32 ;
33 [label="X[0] <= 57.3\ngini = 0.5\nsamples = 2\nvalue = [0, 0, 0, 0, 0, 0, 0, 0, 0, 0, 0, 0, 0, 0\n0, 0, 0, 0, 0, 0, 0, 0, 1, 0, 0, 0, 0, 0\n0, 0, 0, 0, 0, 0, 0, 0, 0, 0, 0, 0, 0, 0\n1, 0, 0, 0, 0, 0, 0, 0]"] ;
31 -> 33 ;
34 [label="gini = 0.0\nsamples = 1\nvalue = [0, 0, 0, 0, 0, 0, 0, 0, 0, 0, 0, 0, 0, 0\n0, 0, 0, 0, 0, 0, 0, 0, 0, 0, 0, 0, 0, 0\n0, 0, 0, 0, 0, 0, 0, 0, 0, 0, 0, 0, 0, 0\n1, 0, 0, 0, 0, 0, 0, 0]"] ;
33 -> 34 ;
35 [label="gini = 0.0\nsamples = 1\nvalue = [0, 0, 0, 0, 0, 0, 0, 0, 0, 0, 0, 0, 0, 0\n0, 0, 0, 0, 0, 0, 0, 0, 1, 0, 0, 0, 0, 0\n0, 0, 0, 0, 0, 0, 0, 0, 0, 0, 0, 0, 0, 0\n0, 0, 0, 0, 0, 0, 0, 0]"] ;
33 -> 35 ;
36 [label="gini = 0.0\nsamples = 1\nvalue = [0, 0, 0, 0, 0, 0, 0, 0, 0, 0, 0, 0, 0, 0\n0, 0, 0, 0, 0, 0, 0, 0, 0, 0, 0, 0, 0, 0\n0, 0, 0, 0, 0, 0, 0, 0, 1, 0, 0, 0, 0, 0\n0, 0, 0, 0, 0, 0, 0, 0]"] ;
30 -> 36 ;
37 [label="X[0] <= 62.1\ngini = 0.625\nsamples = 4\nvalue = [0, 0, 0, 0, 0, 0, 0, 0, 0, 0, 0, 0, 0, 0\n0, 0, 0, 0, 0, 0, 0, 0, 0, 0, 0, 0, 1, 0\n0, 0, 0, 0, 0, 0, 0, 0, 0, 1, 0, 0, 0, 0\n0, 0, 0, 0, 2, 0, 0, 0]"] ;
23 -> 37 ;
38 [label="X[1] <= -11.816\ngini = 0.444\nsamples = 3\nvalue = [0, 0, 0, 0, 0, 0, 0, 0, 0, 0, 0, 0, 0, 0\n0, 0, 0, 0, 0, 0, 0, 0, 0, 0, 0, 0, 0, 0\n0, 0, 0, 0, 0, 0, 0, 0, 0, 1, 0, 0, 0, 0\n0, 0, 0, 0, 2, 0, 0, 0]"] ;
37 -> 38 ;
39 [label="gini = 0.0\nsamples = 2\nvalue = [0, 0, 0, 0, 0, 0, 0, 0, 0, 0, 0, 0, 0, 0\n0, 0, 0, 0, 0, 0, 0, 0, 0, 0, 0, 0, 0, 0\n0, 0, 0, 0, 0, 0, 0, 0, 0, 0, 0, 0, 0, 0\n0, 0, 0, 0, 2, 0, 0, 0]"] ;
38 -> 39 ;
40 [label="gini = 0.0\nsamples = 1\nvalue = [0, 0, 0, 0, 0, 0, 0, 0, 0, 0, 0, 0, 0, 0\n0, 0, 0, 0, 0, 0, 0, 0, 0, 0, 0, 0, 0, 0\n0, 0, 0, 0, 0, 0, 0, 0, 0, 1, 0, 0, 0, 0\n0, 0, 0, 0, 0, 0, 0, 0]"] ;
38 -> 40 ;
41 [label="gini = 0.0\nsamples = 1\nvalue = [0, 0, 0, 0, 0, 0, 0, 0, 0, 0, 0, 0, 0, 0\n0, 0, 0, 0, 0, 0, 0, 0, 0, 0, 0, 0, 1, 0\n0, 0, 0, 0, 0, 0, 0, 0, 0, 0, 0, 0, 0, 0\n0, 0, 0, 0, 0, 0, 0, 0]"] ;
37 -> 41 ;
42 [label="X[2] <= -7.632\ngini = 0.903\nsamples = 19\nvalue = [0, 0, 0, 0, 0, 0, 0, 0, 0, 0, 0, 0, 0, 0\n0, 1, 1, 0, 2, 1, 0, 0, 0, 3, 2, 0, 0, 1\n0, 0, 0, 0, 1, 1, 0, 0, 0, 0, 0, 3, 0, 1\n0, 0, 1, 0, 1, 0, 0, 0]"] ;
22 -> 42 ;
43 [label="X[1] <= -13.976\ngini = 0.861\nsamples = 12\nvalue = [0, 0, 0, 0, 0, 0, 0, 0, 0, 0, 0, 0, 0, 0\n0, 1, 0, 0, 1, 1, 0, 0, 0, 1, 2, 0, 0, 0\n0, 0, 0, 0, 0, 1, 0, 0, 0, 0, 0, 3, 0, 1\n0, 0, 0, 0, 1, 0, 0, 0]"] ;
42 -> 43 ;
44 [label="X[0] <= 75.35\ngini = 0.75\nsamples = 4\nvalue = [0, 0, 0, 0, 0, 0, 0, 0, 0, 0, 0, 0, 0, 0\n0, 1, 0, 0, 0, 0, 0, 0, 0, 1, 0, 0, 0, 0\n0, 0, 0, 0, 0, 0, 0, 0, 0, 0, 0, 0, 0, 1\n0, 0, 0, 0, 1, 0, 0, 0]"] ;
43 -> 44 ;
45 [label="gini = 0.0\nsamples = 1\nvalue = [0, 0, 0, 0, 0, 0, 0, 0, 0, 0, 0, 0, 0, 0\n0, 1, 0, 0, 0, 0, 0, 0, 0, 0, 0, 0, 0, 0\n0, 0, 0, 0, 0, 0, 0, 0, 0, 0, 0, 0, 0, 0\n0, 0, 0, 0, 0, 0, 0, 0]"] ;
44 -> 45 ;
46 [label="X[0] <= 90.25\ngini = 0.667\nsamples = 3\nvalue = [0, 0, 0, 0, 0, 0, 0, 0, 0, 0, 0, 0, 0, 0\n0, 0, 0, 0, 0, 0, 0, 0, 0, 1, 0, 0, 0, 0\n0, 0, 0, 0, 0, 0, 0, 0, 0, 0, 0, 0, 0, 1\n0, 0, 0, 0, 1, 0, 0, 0]"] ;
44 -> 46 ;
47 [label="gini = 0.0\nsamples = 1\nvalue = [0, 0, 0, 0, 0, 0, 0, 0, 0, 0, 0, 0, 0, 0\n0, 0, 0, 0, 0, 0, 0, 0, 0, 1, 0, 0, 0, 0\n0, 0, 0, 0, 0, 0, 0, 0, 0, 0, 0, 0, 0, 0\n0, 0, 0, 0, 0, 0, 0, 0]"] ;
46 -> 47 ;
48 [label="X[2] <= -10.263\ngini = 0.5\nsamples = 2\nvalue = [0, 0, 0, 0, 0, 0, 0, 0, 0, 0, 0, 0, 0, 0\n0, 0, 0, 0, 0, 0, 0, 0, 0, 0, 0, 0, 0, 0\n0, 0, 0, 0, 0, 0, 0, 0, 0, 0, 0, 0, 0, 1\n0, 0, 0, 0, 1, 0, 0, 0]"] ;
46 -> 48 ;
49 [label="gini = 0.0\nsamples = 1\nvalue = [0, 0, 0, 0, 0, 0, 0, 0, 0, 0, 0, 0, 0, 0\n0, 0, 0, 0, 0, 0, 0, 0, 0, 0, 0, 0, 0, 0\n0, 0, 0, 0, 0, 0, 0, 0, 0, 0, 0, 0, 0, 1\n0, 0, 0, 0, 0, 0, 0, 0]"] ;
48 -> 49 ;
50 [label="gini = 0.0\nsamples = 1\nvalue = [0, 0, 0, 0, 0, 0, 0, 0, 0, 0, 0, 0, 0, 0\n0, 0, 0, 0, 0, 0, 0, 0, 0, 0, 0, 0, 0, 0\n0, 0, 0, 0, 0, 0, 0, 0, 0, 0, 0, 0, 0, 0\n0, 0, 0, 0, 1, 0, 0, 0]"] ;
48 -> 50 ;
51 [label="X[1] <= -12.794\ngini = 0.75\nsamples = 8\nvalue = [0, 0, 0, 0, 0, 0, 0, 0, 0, 0, 0, 0, 0, 0\n0, 0, 0, 0, 1, 1, 0, 0, 0, 0, 2, 0, 0, 0\n0, 0, 0, 0, 0, 1, 0, 0, 0, 0, 0, 3, 0, 0\n0, 0, 0, 0, 0, 0, 0, 0]"] ;
43 -> 51 ;
52 [label="gini = 0.0\nsamples = 2\nvalue = [0, 0, 0, 0, 0, 0, 0, 0, 0, 0, 0, 0, 0, 0\n0, 0, 0, 0, 0, 0, 0, 0, 0, 0, 0, 0, 0, 0\n0, 0, 0, 0, 0, 0, 0, 0, 0, 0, 0, 2, 0, 0\n0, 0, 0, 0, 0, 0, 0, 0]"] ;
51 -> 52 ;
53 [label="X[2] <= -8.943\ngini = 0.778\nsamples = 6\nvalue = [0, 0, 0, 0, 0, 0, 0, 0, 0, 0, 0, 0, 0, 0\n0, 0, 0, 0, 1, 1, 0, 0, 0, 0, 2, 0, 0, 0\n0, 0, 0, 0, 0, 1, 0, 0, 0, 0, 0, 1, 0, 0\n0, 0, 0, 0, 0, 0, 0, 0]"] ;
51 -> 53 ;
54 [label="X[1] <= -12.343\ngini = 0.5\nsamples = 2\nvalue = [0, 0, 0, 0, 0, 0, 0, 0, 0, 0, 0, 0, 0, 0\n0, 0, 0, 0, 0, 0, 0, 0, 0, 0, 0, 0, 0, 0\n0, 0, 0, 0, 0, 1, 0, 0, 0, 0, 0, 1, 0, 0\n0, 0, 0, 0, 0, 0, 0, 0]"] ;
53 -> 54 ;
55 [label="gini = 0.0\nsamples = 1\nvalue = [0, 0, 0, 0, 0, 0, 0, 0, 0, 0, 0, 0, 0, 0\n0, 0, 0, 0, 0, 0, 0, 0, 0, 0, 0, 0, 0, 0\n0, 0, 0, 0, 0, 0, 0, 0, 0, 0, 0, 1, 0, 0\n0, 0, 0, 0, 0, 0, 0, 0]"] ;
54 -> 55 ;
56 [label="gini = 0.0\nsamples = 1\nvalue = [0, 0, 0, 0, 0, 0, 0, 0, 0, 0, 0, 0, 0, 0\n0, 0, 0, 0, 0, 0, 0, 0, 0, 0, 0, 0, 0, 0\n0, 0, 0, 0, 0, 1, 0, 0, 0, 0, 0, 0, 0, 0\n0, 0, 0, 0, 0, 0, 0, 0]"] ;
54 -> 56 ;
57 [label="X[1] <= -12.655\ngini = 0.625\nsamples = 4\nvalue = [0, 0, 0, 0, 0, 0, 0, 0, 0, 0, 0, 0, 0, 0\n0, 0, 0, 0, 1, 1, 0, 0, 0, 0, 2, 0, 0, 0\n0, 0, 0, 0, 0, 0, 0, 0, 0, 0, 0, 0, 0, 0\n0, 0, 0, 0, 0, 0, 0, 0]"] ;
53 -> 57 ;
58 [label="gini = 0.0\nsamples = 1\nvalue = [0, 0, 0, 0, 0, 0, 0, 0, 0, 0, 0, 0, 0, 0\n0, 0, 0, 0, 0, 1, 0, 0, 0, 0, 0, 0, 0, 0\n0, 0, 0, 0, 0, 0, 0, 0, 0, 0, 0, 0, 0, 0\n0, 0, 0, 0, 0, 0, 0, 0]"] ;
57 -> 58 ;
59 [label="X[2] <= -8.725\ngini = 0.444\nsamples = 3\nvalue = [0, 0, 0, 0, 0, 0, 0, 0, 0, 0, 0, 0, 0, 0\n0, 0, 0, 0, 1, 0, 0, 0, 0, 0, 2, 0, 0, 0\n0, 0, 0, 0, 0, 0, 0, 0, 0, 0, 0, 0, 0, 0\n0, 0, 0, 0, 0, 0, 0, 0]"] ;
57 -> 59 ;
60 [label="gini = 0.0\nsamples = 1\nvalue = [0, 0, 0, 0, 0, 0, 0, 0, 0, 0, 0, 0, 0, 0\n0, 0, 0, 0, 0, 0, 0, 0, 0, 0, 1, 0, 0, 0\n0, 0, 0, 0, 0, 0, 0, 0, 0, 0, 0, 0, 0, 0\n0, 0, 0, 0, 0, 0, 0, 0]"] ;
59 -> 60 ;
61 [label="X[1] <= -11.739\ngini = 0.5\nsamples = 2\nvalue = [0, 0, 0, 0, 0, 0, 0, 0, 0, 0, 0, 0, 0, 0\n0, 0, 0, 0, 1, 0, 0, 0, 0, 0, 1, 0, 0, 0\n0, 0, 0, 0, 0, 0, 0, 0, 0, 0, 0, 0, 0, 0\n0, 0, 0, 0, 0, 0, 0, 0]"] ;
59 -> 61 ;
62 [label="gini = 0.0\nsamples = 1\nvalue = [0, 0, 0, 0, 0, 0, 0, 0, 0, 0, 0, 0, 0, 0\n0, 0, 0, 0, 1, 0, 0, 0, 0, 0, 0, 0, 0, 0\n0, 0, 0, 0, 0, 0, 0, 0, 0, 0, 0, 0, 0, 0\n0, 0, 0, 0, 0, 0, 0, 0]"] ;
61 -> 62 ;
63 [label="gini = 0.0\nsamples = 1\nvalue = [0, 0, 0, 0, 0, 0, 0, 0, 0, 0, 0, 0, 0, 0\n0, 0, 0, 0, 0, 0, 0, 0, 0, 0, 1, 0, 0, 0\n0, 0, 0, 0, 0, 0, 0, 0, 0, 0, 0, 0, 0, 0\n0, 0, 0, 0, 0, 0, 0, 0]"] ;
61 -> 63 ;
64 [label="X[1] <= -10.886\ngini = 0.816\nsamples = 7\nvalue = [0, 0, 0, 0, 0, 0, 0, 0, 0, 0, 0, 0, 0, 0\n0, 0, 1, 0, 1, 0, 0, 0, 0, 2, 0, 0, 0, 1\n0, 0, 0, 0, 1, 0, 0, 0, 0, 0, 0, 0, 0, 0\n0, 0, 1, 0, 0, 0, 0, 0]"] ;
42 -> 64 ;
65 [label="X[0] <= 105.2\ngini = 0.72\nsamples = 5\nvalue = [0, 0, 0, 0, 0, 0, 0, 0, 0, 0, 0, 0, 0, 0\n0, 0, 0, 0, 1, 0, 0, 0, 0, 2, 0, 0, 0, 1\n0, 0, 0, 0, 0, 0, 0, 0, 0, 0, 0, 0, 0, 0\n0, 0, 1, 0, 0, 0, 0, 0]"] ;
64 -> 65 ;
66 [label="X[0] <= 83.05\ngini = 0.625\nsamples = 4\nvalue = [0, 0, 0, 0, 0, 0, 0, 0, 0, 0, 0, 0, 0, 0\n0, 0, 0, 0, 0, 0, 0, 0, 0, 2, 0, 0, 0, 1\n0, 0, 0, 0, 0, 0, 0, 0, 0, 0, 0, 0, 0, 0\n0, 0, 1, 0, 0, 0, 0, 0]"] ;
65 -> 66 ;
67 [label="gini = 0.0\nsamples = 1\nvalue = [0, 0, 0, 0, 0, 0, 0, 0, 0, 0, 0, 0, 0, 0\n0, 0, 0, 0, 0, 0, 0, 0, 0, 1, 0, 0, 0, 0\n0, 0, 0, 0, 0, 0, 0, 0, 0, 0, 0, 0, 0, 0\n0, 0, 0, 0, 0, 0, 0, 0]"] ;
66 -> 67 ;
68 [label="X[2] <= -6.538\ngini = 0.667\nsamples = 3\nvalue = [0, 0, 0, 0, 0, 0, 0, 0, 0, 0, 0, 0, 0, 0\n0, 0, 0, 0, 0, 0, 0, 0, 0, 1, 0, 0, 0, 1\n0, 0, 0, 0, 0, 0, 0, 0, 0, 0, 0, 0, 0, 0\n0, 0, 1, 0, 0, 0, 0, 0]"] ;
66 -> 68 ;
69 [label="gini = 0.0\nsamples = 1\nvalue = [0, 0, 0, 0, 0, 0, 0, 0, 0, 0, 0, 0, 0, 0\n0, 0, 0, 0, 0, 0, 0, 0, 0, 0, 0, 0, 0, 0\n0, 0, 0, 0, 0, 0, 0, 0, 0, 0, 0, 0, 0, 0\n0, 0, 1, 0, 0, 0, 0, 0]"] ;
68 -> 69 ;
70 [label="X[0] <= 102.7\ngini = 0.5\nsamples = 2\nvalue = [0, 0, 0, 0, 0, 0, 0, 0, 0, 0, 0, 0, 0, 0\n0, 0, 0, 0, 0, 0, 0, 0, 0, 1, 0, 0, 0, 1\n0, 0, 0, 0, 0, 0, 0, 0, 0, 0, 0, 0, 0, 0\n0, 0, 0, 0, 0, 0, 0, 0]"] ;
68 -> 70 ;
71 [label="gini = 0.0\nsamples = 1\nvalue = [0, 0, 0, 0, 0, 0, 0, 0, 0, 0, 0, 0, 0, 0\n0, 0, 0, 0, 0, 0, 0, 0, 0, 0, 0, 0, 0, 1\n0, 0, 0, 0, 0, 0, 0, 0, 0, 0, 0, 0, 0, 0\n0, 0, 0, 0, 0, 0, 0, 0]"] ;
70 -> 71 ;
72 [label="gini = 0.0\nsamples = 1\nvalue = [0, 0, 0, 0, 0, 0, 0, 0, 0, 0, 0, 0, 0, 0\n0, 0, 0, 0, 0, 0, 0, 0, 0, 1, 0, 0, 0, 0\n0, 0, 0, 0, 0, 0, 0, 0, 0, 0, 0, 0, 0, 0\n0, 0, 0, 0, 0, 0, 0, 0]"] ;
70 -> 72 ;
73 [label="gini = 0.0\nsamples = 1\nvalue = [0, 0, 0, 0, 0, 0, 0, 0, 0, 0, 0, 0, 0, 0\n0, 0, 0, 0, 1, 0, 0, 0, 0, 0, 0, 0, 0, 0\n0, 0, 0, 0, 0, 0, 0, 0, 0, 0, 0, 0, 0, 0\n0, 0, 0, 0, 0, 0, 0, 0]"] ;
65 -> 73 ;
74 [label="X[1] <= -10.615\ngini = 0.5\nsamples = 2\nvalue = [0, 0, 0, 0, 0, 0, 0, 0, 0, 0, 0, 0, 0, 0\n0, 0, 1, 0, 0, 0, 0, 0, 0, 0, 0, 0, 0, 0\n0, 0, 0, 0, 1, 0, 0, 0, 0, 0, 0, 0, 0, 0\n0, 0, 0, 0, 0, 0, 0, 0]"] ;
64 -> 74 ;
75 [label="gini = 0.0\nsamples = 1\nvalue = [0, 0, 0, 0, 0, 0, 0, 0, 0, 0, 0, 0, 0, 0\n0, 0, 1, 0, 0, 0, 0, 0, 0, 0, 0, 0, 0, 0\n0, 0, 0, 0, 0, 0, 0, 0, 0, 0, 0, 0, 0, 0\n0, 0, 0, 0, 0, 0, 0, 0]"] ;
74 -> 75 ;
76 [label="gini = 0.0\nsamples = 1\nvalue = [0, 0, 0, 0, 0, 0, 0, 0, 0, 0, 0, 0, 0, 0\n0, 0, 0, 0, 0, 0, 0, 0, 0, 0, 0, 0, 0, 0\n0, 0, 0, 0, 1, 0, 0, 0, 0, 0, 0, 0, 0, 0\n0, 0, 0, 0, 0, 0, 0, 0]"] ;
74 -> 76 ;
77 [label="X[1] <= -19.273\ngini = 0.953\nsamples = 31\nvalue = [1, 1, 1, 1, 1, 1, 1, 1, 1, 1, 1, 1, 1, 1\n2, 0, 1, 0, 0, 1, 4, 1, 1, 0, 0, 1, 0, 1\n0, 1, 1, 0, 1, 1, 0, 1, 0, 0, 0, 0, 0, 0\n0, 0, 0, 0, 0, 0, 0, 0]"] ;
1 -> 77 ;
78 [label="X[0] <= 111.25\ngini = 0.778\nsamples = 6\nvalue = [0, 0, 0, 0, 0, 0, 0, 0, 0, 0, 1, 0, 1, 0\n2, 0, 0, 0, 0, 1, 1, 0, 0, 0, 0, 0, 0, 0\n0, 0, 0, 0, 0, 0, 0, 0, 0, 0, 0, 0, 0, 0\n0, 0, 0, 0, 0, 0, 0, 0]"] ;
77 -> 78 ;
79 [label="X[2] <= -13.332\ngini = 0.75\nsamples = 4\nvalue = [0, 0, 0, 0, 0, 0, 0, 0, 0, 0, 1, 0, 1, 0\n0, 0, 0, 0, 0, 1, 1, 0, 0, 0, 0, 0, 0, 0\n0, 0, 0, 0, 0, 0, 0, 0, 0, 0, 0, 0, 0, 0\n0, 0, 0, 0, 0, 0, 0, 0]"] ;
78 -> 79 ;
80 [label="gini = 0.0\nsamples = 1\nvalue = [0, 0, 0, 0, 0, 0, 0, 0, 0, 0, 1, 0, 0, 0\n0, 0, 0, 0, 0, 0, 0, 0, 0, 0, 0, 0, 0, 0\n0, 0, 0, 0, 0, 0, 0, 0, 0, 0, 0, 0, 0, 0\n0, 0, 0, 0, 0, 0, 0, 0]"] ;
79 -> 80 ;
81 [label="X[2] <= -13.06\ngini = 0.667\nsamples = 3\nvalue = [0, 0, 0, 0, 0, 0, 0, 0, 0, 0, 0, 0, 1, 0\n0, 0, 0, 0, 0, 1, 1, 0, 0, 0, 0, 0, 0, 0\n0, 0, 0, 0, 0, 0, 0, 0, 0, 0, 0, 0, 0, 0\n0, 0, 0, 0, 0, 0, 0, 0]"] ;
79 -> 81 ;
82 [label="gini = 0.0\nsamples = 1\nvalue = [0, 0, 0, 0, 0, 0, 0, 0, 0, 0, 0, 0, 0, 0\n0, 0, 0, 0, 0, 1, 0, 0, 0, 0, 0, 0, 0, 0\n0, 0, 0, 0, 0, 0, 0, 0, 0, 0, 0, 0, 0, 0\n0, 0, 0, 0, 0, 0, 0, 0]"] ;
81 -> 82 ;
83 [label="X[2] <= -11.043\ngini = 0.5\nsamples = 2\nvalue = [0, 0, 0, 0, 0, 0, 0, 0, 0, 0, 0, 0, 1, 0\n0, 0, 0, 0, 0, 0, 1, 0, 0, 0, 0, 0, 0, 0\n0, 0, 0, 0, 0, 0, 0, 0, 0, 0, 0, 0, 0, 0\n0, 0, 0, 0, 0, 0, 0, 0]"] ;
81 -> 83 ;
84 [label="gini = 0.0\nsamples = 1\nvalue = [0, 0, 0, 0, 0, 0, 0, 0, 0, 0, 0, 0, 0, 0\n0, 0, 0, 0, 0, 0, 1, 0, 0, 0, 0, 0, 0, 0\n0, 0, 0, 0, 0, 0, 0, 0, 0, 0, 0, 0, 0, 0\n0, 0, 0, 0, 0, 0, 0, 0]"] ;
83 -> 84 ;
85 [label="gini = 0.0\nsamples = 1\nvalue = [0, 0, 0, 0, 0, 0, 0, 0, 0, 0, 0, 0, 1, 0\n0, 0, 0, 0, 0, 0, 0, 0, 0, 0, 0, 0, 0, 0\n0, 0, 0, 0, 0, 0, 0, 0, 0, 0, 0, 0, 0, 0\n0, 0, 0, 0, 0, 0, 0, 0]"] ;
83 -> 85 ;
86 [label="gini = 0.0\nsamples = 2\nvalue = [0, 0, 0, 0, 0, 0, 0, 0, 0, 0, 0, 0, 0, 0\n2, 0, 0, 0, 0, 0, 0, 0, 0, 0, 0, 0, 0, 0\n0, 0, 0, 0, 0, 0, 0, 0, 0, 0, 0, 0, 0, 0\n0, 0, 0, 0, 0, 0, 0, 0]"] ;
78 -> 86 ;
87 [label="X[2] <= -8.04\ngini = 0.95\nsamples = 25\nvalue = [1, 1, 1, 1, 1, 1, 1, 1, 1, 1, 0, 1, 0, 1\n0, 0, 1, 0, 0, 0, 3, 1, 1, 0, 0, 1, 0, 1\n0, 1, 1, 0, 1, 1, 0, 1, 0, 0, 0, 0, 0, 0\n0, 0, 0, 0, 0, 0, 0, 0]"] ;
77 -> 87 ;
88 [label="X[1] <= -18.926\ngini = 0.917\nsamples = 12\nvalue = [0, 1, 0, 1, 0, 0, 1, 1, 0, 1, 0, 1, 0, 1\n0, 0, 0, 0, 0, 0, 0, 1, 1, 0, 0, 1, 0, 0\n0, 1, 1, 0, 0, 0, 0, 0, 0, 0, 0, 0, 0, 0\n0, 0, 0, 0, 0, 0, 0, 0]"] ;
87 -> 88 ;
89 [label="gini = 0.0\nsamples = 1\nvalue = [0, 0, 0, 1, 0, 0, 0, 0, 0, 0, 0, 0, 0, 0\n0, 0, 0, 0, 0, 0, 0, 0, 0, 0, 0, 0, 0, 0\n0, 0, 0, 0, 0, 0, 0, 0, 0, 0, 0, 0, 0, 0\n0, 0, 0, 0, 0, 0, 0, 0]"] ;
88 -> 89 ;
90 [label="X[0] <= 108.2\ngini = 0.909\nsamples = 11\nvalue = [0, 1, 0, 0, 0, 0, 1, 1, 0, 1, 0, 1, 0, 1\n0, 0, 0, 0, 0, 0, 0, 1, 1, 0, 0, 1, 0, 0\n0, 1, 1, 0, 0, 0, 0, 0, 0, 0, 0, 0, 0, 0\n0, 0, 0, 0, 0, 0, 0, 0]"] ;
88 -> 90 ;
91 [label="X[2] <= -12.172\ngini = 0.5\nsamples = 2\nvalue = [0, 0, 0, 0, 0, 0, 0, 0, 0, 1, 0, 0, 0, 0\n0, 0, 0, 0, 0, 0, 0, 0, 0, 0, 0, 0, 0, 0\n0, 1, 0, 0, 0, 0, 0, 0, 0, 0, 0, 0, 0, 0\n0, 0, 0, 0, 0, 0, 0, 0]"] ;
90 -> 91 ;
92 [label="gini = 0.0\nsamples = 1\nvalue = [0, 0, 0, 0, 0, 0, 0, 0, 0, 0, 0, 0, 0, 0\n0, 0, 0, 0, 0, 0, 0, 0, 0, 0, 0, 0, 0, 0\n0, 1, 0, 0, 0, 0, 0, 0, 0, 0, 0, 0, 0, 0\n0, 0, 0, 0, 0, 0, 0, 0]"] ;
91 -> 92 ;
93 [label="gini = 0.0\nsamples = 1\nvalue = [0, 0, 0, 0, 0, 0, 0, 0, 0, 1, 0, 0, 0, 0\n0, 0, 0, 0, 0, 0, 0, 0, 0, 0, 0, 0, 0, 0\n0, 0, 0, 0, 0, 0, 0, 0, 0, 0, 0, 0, 0, 0\n0, 0, 0, 0, 0, 0, 0, 0]"] ;
91 -> 93 ;
94 [label="X[2] <= -13.372\ngini = 0.889\nsamples = 9\nvalue = [0, 1, 0, 0, 0, 0, 1, 1, 0, 0, 0, 1, 0, 1\n0, 0, 0, 0, 0, 0, 0, 1, 1, 0, 0, 1, 0, 0\n0, 0, 1, 0, 0, 0, 0, 0, 0, 0, 0, 0, 0, 0\n0, 0, 0, 0, 0, 0, 0, 0]"] ;
90 -> 94 ;
95 [label="gini = 0.0\nsamples = 1\nvalue = [0, 0, 0, 0, 0, 0, 0, 0, 0, 0, 0, 0, 0, 0\n0, 0, 0, 0, 0, 0, 0, 0, 0, 0, 0, 1, 0, 0\n0, 0, 0, 0, 0, 0, 0, 0, 0, 0, 0, 0, 0, 0\n0, 0, 0, 0, 0, 0, 0, 0]"] ;
94 -> 95 ;
96 [label="X[1] <= -18.341\ngini = 0.875\nsamples = 8\nvalue = [0, 1, 0, 0, 0, 0, 1, 1, 0, 0, 0, 1, 0, 1\n0, 0, 0, 0, 0, 0, 0, 1, 1, 0, 0, 0, 0, 0\n0, 0, 1, 0, 0, 0, 0, 0, 0, 0, 0, 0, 0, 0\n0, 0, 0, 0, 0, 0, 0, 0]"] ;
94 -> 96 ;
97 [label="gini = 0.0\nsamples = 1\nvalue = [0, 0, 0, 0, 0, 0, 0, 0, 0, 0, 0, 0, 0, 1\n0, 0, 0, 0, 0, 0, 0, 0, 0, 0, 0, 0, 0, 0\n0, 0, 0, 0, 0, 0, 0, 0, 0, 0, 0, 0, 0, 0\n0, 0, 0, 0, 0, 0, 0, 0]"] ;
96 -> 97 ;
98 [label="X[0] <= 108.75\ngini = 0.857\nsamples = 7\nvalue = [0, 1, 0, 0, 0, 0, 1, 1, 0, 0, 0, 1, 0, 0\n0, 0, 0, 0, 0, 0, 0, 1, 1, 0, 0, 0, 0, 0\n0, 0, 1, 0, 0, 0, 0, 0, 0, 0, 0, 0, 0, 0\n0, 0, 0, 0, 0, 0, 0, 0]"] ;
96 -> 98 ;
99 [label="gini = 0.0\nsamples = 1\nvalue = [0, 0, 0, 0, 0, 0, 0, 0, 0, 0, 0, 0, 0, 0\n0, 0, 0, 0, 0, 0, 0, 1, 0, 0, 0, 0, 0, 0\n0, 0, 0, 0, 0, 0, 0, 0, 0, 0, 0, 0, 0, 0\n0, 0, 0, 0, 0, 0, 0, 0]"] ;
98 -> 99 ;
100 [label="X[0] <= 110.2\ngini = 0.833\nsamples = 6\nvalue = [0, 1, 0, 0, 0, 0, 1, 1, 0, 0, 0, 1, 0, 0\n0, 0, 0, 0, 0, 0, 0, 0, 1, 0, 0, 0, 0, 0\n0, 0, 1, 0, 0, 0, 0, 0, 0, 0, 0, 0, 0, 0\n0, 0, 0, 0, 0, 0, 0, 0]"] ;
98 -> 100 ;
101 [label="gini = 0.0\nsamples = 1\nvalue = [0, 0, 0, 0, 0, 0, 0, 0, 0, 0, 0, 0, 0, 0\n0, 0, 0, 0, 0, 0, 0, 0, 0, 0, 0, 0, 0, 0\n0, 0, 1, 0, 0, 0, 0, 0, 0, 0, 0, 0, 0, 0\n0, 0, 0, 0, 0, 0, 0, 0]"] ;
100 -> 101 ;
102 [label="X[2] <= -12.023\ngini = 0.8\nsamples = 5\nvalue = [0, 1, 0, 0, 0, 0, 1, 1, 0, 0, 0, 1, 0, 0\n0, 0, 0, 0, 0, 0, 0, 0, 1, 0, 0, 0, 0, 0\n0, 0, 0, 0, 0, 0, 0, 0, 0, 0, 0, 0, 0, 0\n0, 0, 0, 0, 0, 0, 0, 0]"] ;
100 -> 102 ;
103 [label="gini = 0.0\nsamples = 1\nvalue = [0, 0, 0, 0, 0, 0, 0, 0, 0, 0, 0, 1, 0, 0\n0, 0, 0, 0, 0, 0, 0, 0, 0, 0, 0, 0, 0, 0\n0, 0, 0, 0, 0, 0, 0, 0, 0, 0, 0, 0, 0, 0\n0, 0, 0, 0, 0, 0, 0, 0]"] ;
102 -> 103 ;
104 [label="X[2] <= -10.52\ngini = 0.75\nsamples = 4\nvalue = [0, 1, 0, 0, 0, 0, 1, 1, 0, 0, 0, 0, 0, 0\n0, 0, 0, 0, 0, 0, 0, 0, 1, 0, 0, 0, 0, 0\n0, 0, 0, 0, 0, 0, 0, 0, 0, 0, 0, 0, 0, 0\n0, 0, 0, 0, 0, 0, 0, 0]"] ;
102 -> 104 ;
105 [label="gini = 0.0\nsamples = 1\nvalue = [0, 1, 0, 0, 0, 0, 0, 0, 0, 0, 0, 0, 0, 0\n0, 0, 0, 0, 0, 0, 0, 0, 0, 0, 0, 0, 0, 0\n0, 0, 0, 0, 0, 0, 0, 0, 0, 0, 0, 0, 0, 0\n0, 0, 0, 0, 0, 0, 0, 0]"] ;
104 -> 105 ;
106 [label="X[0] <= 112.3\ngini = 0.667\nsamples = 3\nvalue = [0, 0, 0, 0, 0, 0, 1, 1, 0, 0, 0, 0, 0, 0\n0, 0, 0, 0, 0, 0, 0, 0, 1, 0, 0, 0, 0, 0\n0, 0, 0, 0, 0, 0, 0, 0, 0, 0, 0, 0, 0, 0\n0, 0, 0, 0, 0, 0, 0, 0]"] ;
104 -> 106 ;
107 [label="gini = 0.0\nsamples = 1\nvalue = [0, 0, 0, 0, 0, 0, 0, 0, 0, 0, 0, 0, 0, 0\n0, 0, 0, 0, 0, 0, 0, 0, 1, 0, 0, 0, 0, 0\n0, 0, 0, 0, 0, 0, 0, 0, 0, 0, 0, 0, 0, 0\n0, 0, 0, 0, 0, 0, 0, 0]"] ;
106 -> 107 ;
108 [label="X[1] <= -17.839\ngini = 0.5\nsamples = 2\nvalue = [0, 0, 0, 0, 0, 0, 1, 1, 0, 0, 0, 0, 0, 0\n0, 0, 0, 0, 0, 0, 0, 0, 0, 0, 0, 0, 0, 0\n0, 0, 0, 0, 0, 0, 0, 0, 0, 0, 0, 0, 0, 0\n0, 0, 0, 0, 0, 0, 0, 0]"] ;
106 -> 108 ;
109 [label="gini = 0.0\nsamples = 1\nvalue = [0, 0, 0, 0, 0, 0, 1, 0, 0, 0, 0, 0, 0, 0\n0, 0, 0, 0, 0, 0, 0, 0, 0, 0, 0, 0, 0, 0\n0, 0, 0, 0, 0, 0, 0, 0, 0, 0, 0, 0, 0, 0\n0, 0, 0, 0, 0, 0, 0, 0]"] ;
108 -> 109 ;
110 [label="gini = 0.0\nsamples = 1\nvalue = [0, 0, 0, 0, 0, 0, 0, 1, 0, 0, 0, 0, 0, 0\n0, 0, 0, 0, 0, 0, 0, 0, 0, 0, 0, 0, 0, 0\n0, 0, 0, 0, 0, 0, 0, 0, 0, 0, 0, 0, 0, 0\n0, 0, 0, 0, 0, 0, 0, 0]"] ;
108 -> 110 ;
111 [label="X[2] <= -2.726\ngini = 0.888\nsamples = 13\nvalue = [1, 0, 1, 0, 1, 1, 0, 0, 1, 0, 0, 0, 0, 0\n0, 0, 1, 0, 0, 0, 3, 0, 0, 0, 0, 0, 0, 1\n0, 0, 0, 0, 1, 1, 0, 1, 0, 0, 0, 0, 0, 0\n0, 0, 0, 0, 0, 0, 0, 0]"] ;
87 -> 111 ;
112 [label="X[2] <= -3.742\ngini = 0.84\nsamples = 10\nvalue = [1, 0, 1, 0, 1, 1, 0, 0, 0, 0, 0, 0, 0, 0\n0, 0, 1, 0, 0, 0, 3, 0, 0, 0, 0, 0, 0, 0\n0, 0, 0, 0, 1, 0, 0, 1, 0, 0, 0, 0, 0, 0\n0, 0, 0, 0, 0, 0, 0, 0]"] ;
111 -> 112 ;
113 [label="X[1] <= -17.234\ngini = 0.857\nsamples = 7\nvalue = [1, 0, 1, 0, 1, 1, 0, 0, 0, 0, 0, 0, 0, 0\n0, 0, 1, 0, 0, 0, 1, 0, 0, 0, 0, 0, 0, 0\n0, 0, 0, 0, 1, 0, 0, 0, 0, 0, 0, 0, 0, 0\n0, 0, 0, 0, 0, 0, 0, 0]"] ;
112 -> 113 ;
114 [label="gini = 0.0\nsamples = 1\nvalue = [0, 0, 0, 0, 0, 0, 0, 0, 0, 0, 0, 0, 0, 0\n0, 0, 0, 0, 0, 0, 1, 0, 0, 0, 0, 0, 0, 0\n0, 0, 0, 0, 0, 0, 0, 0, 0, 0, 0, 0, 0, 0\n0, 0, 0, 0, 0, 0, 0, 0]"] ;
113 -> 114 ;
115 [label="X[1] <= -16.208\ngini = 0.833\nsamples = 6\nvalue = [1, 0, 1, 0, 1, 1, 0, 0, 0, 0, 0, 0, 0, 0\n0, 0, 1, 0, 0, 0, 0, 0, 0, 0, 0, 0, 0, 0\n0, 0, 0, 0, 1, 0, 0, 0, 0, 0, 0, 0, 0, 0\n0, 0, 0, 0, 0, 0, 0, 0]"] ;
113 -> 115 ;
116 [label="gini = 0.0\nsamples = 1\nvalue = [0, 0, 1, 0, 0, 0, 0, 0, 0, 0, 0, 0, 0, 0\n0, 0, 0, 0, 0, 0, 0, 0, 0, 0, 0, 0, 0, 0\n0, 0, 0, 0, 0, 0, 0, 0, 0, 0, 0, 0, 0, 0\n0, 0, 0, 0, 0, 0, 0, 0]"] ;
115 -> 116 ;
117 [label="X[1] <= -14.49\ngini = 0.8\nsamples = 5\nvalue = [1, 0, 0, 0, 1, 1, 0, 0, 0, 0, 0, 0, 0, 0\n0, 0, 1, 0, 0, 0, 0, 0, 0, 0, 0, 0, 0, 0\n0, 0, 0, 0, 1, 0, 0, 0, 0, 0, 0, 0, 0, 0\n0, 0, 0, 0, 0, 0, 0, 0]"] ;
115 -> 117 ;
118 [label="gini = 0.0\nsamples = 1\nvalue = [1, 0, 0, 0, 0, 0, 0, 0, 0, 0, 0, 0, 0, 0\n0, 0, 0, 0, 0, 0, 0, 0, 0, 0, 0, 0, 0, 0\n0, 0, 0, 0, 0, 0, 0, 0, 0, 0, 0, 0, 0, 0\n0, 0, 0, 0, 0, 0, 0, 0]"] ;
117 -> 118 ;
119 [label="X[1] <= -12.461\ngini = 0.75\nsamples = 4\nvalue = [0, 0, 0, 0, 1, 1, 0, 0, 0, 0, 0, 0, 0, 0\n0, 0, 1, 0, 0, 0, 0, 0, 0, 0, 0, 0, 0, 0\n0, 0, 0, 0, 1, 0, 0, 0, 0, 0, 0, 0, 0, 0\n0, 0, 0, 0, 0, 0, 0, 0]"] ;
117 -> 119 ;
120 [label="gini = 0.0\nsamples = 1\nvalue = [0, 0, 0, 0, 0, 1, 0, 0, 0, 0, 0, 0, 0, 0\n0, 0, 0, 0, 0, 0, 0, 0, 0, 0, 0, 0, 0, 0\n0, 0, 0, 0, 0, 0, 0, 0, 0, 0, 0, 0, 0, 0\n0, 0, 0, 0, 0, 0, 0, 0]"] ;
119 -> 120 ;
121 [label="X[1] <= -11.696\ngini = 0.667\nsamples = 3\nvalue = [0, 0, 0, 0, 1, 0, 0, 0, 0, 0, 0, 0, 0, 0\n0, 0, 1, 0, 0, 0, 0, 0, 0, 0, 0, 0, 0, 0\n0, 0, 0, 0, 1, 0, 0, 0, 0, 0, 0, 0, 0, 0\n0, 0, 0, 0, 0, 0, 0, 0]"] ;
119 -> 121 ;
122 [label="gini = 0.0\nsamples = 1\nvalue = [0, 0, 0, 0, 0, 0, 0, 0, 0, 0, 0, 0, 0, 0\n0, 0, 1, 0, 0, 0, 0, 0, 0, 0, 0, 0, 0, 0\n0, 0, 0, 0, 0, 0, 0, 0, 0, 0, 0, 0, 0, 0\n0, 0, 0, 0, 0, 0, 0, 0]"] ;
121 -> 122 ;
123 [label="X[2] <= -6.253\ngini = 0.5\nsamples = 2\nvalue = [0, 0, 0, 0, 1, 0, 0, 0, 0, 0, 0, 0, 0, 0\n0, 0, 0, 0, 0, 0, 0, 0, 0, 0, 0, 0, 0, 0\n0, 0, 0, 0, 1, 0, 0, 0, 0, 0, 0, 0, 0, 0\n0, 0, 0, 0, 0, 0, 0, 0]"] ;
121 -> 123 ;
124 [label="gini = 0.0\nsamples = 1\nvalue = [0, 0, 0, 0, 1, 0, 0, 0, 0, 0, 0, 0, 0, 0\n0, 0, 0, 0, 0, 0, 0, 0, 0, 0, 0, 0, 0, 0\n0, 0, 0, 0, 0, 0, 0, 0, 0, 0, 0, 0, 0, 0\n0, 0, 0, 0, 0, 0, 0, 0]"] ;
123 -> 124 ;
125 [label="gini = 0.0\nsamples = 1\nvalue = [0, 0, 0, 0, 0, 0, 0, 0, 0, 0, 0, 0, 0, 0\n0, 0, 0, 0, 0, 0, 0, 0, 0, 0, 0, 0, 0, 0\n0, 0, 0, 0, 1, 0, 0, 0, 0, 0, 0, 0, 0, 0\n0, 0, 0, 0, 0, 0, 0, 0]"] ;
123 -> 125 ;
126 [label="X[0] <= 109.0\ngini = 0.444\nsamples = 3\nvalue = [0, 0, 0, 0, 0, 0, 0, 0, 0, 0, 0, 0, 0, 0\n0, 0, 0, 0, 0, 0, 2, 0, 0, 0, 0, 0, 0, 0\n0, 0, 0, 0, 0, 0, 0, 1, 0, 0, 0, 0, 0, 0\n0, 0, 0, 0, 0, 0, 0, 0]"] ;
112 -> 126 ;
127 [label="gini = 0.0\nsamples = 1\nvalue = [0, 0, 0, 0, 0, 0, 0, 0, 0, 0, 0, 0, 0, 0\n0, 0, 0, 0, 0, 0, 0, 0, 0, 0, 0, 0, 0, 0\n0, 0, 0, 0, 0, 0, 0, 1, 0, 0, 0, 0, 0, 0\n0, 0, 0, 0, 0, 0, 0, 0]"] ;
126 -> 127 ;
128 [label="gini = 0.0\nsamples = 2\nvalue = [0, 0, 0, 0, 0, 0, 0, 0, 0, 0, 0, 0, 0, 0\n0, 0, 0, 0, 0, 0, 2, 0, 0, 0, 0, 0, 0, 0\n0, 0, 0, 0, 0, 0, 0, 0, 0, 0, 0, 0, 0, 0\n0, 0, 0, 0, 0, 0, 0, 0]"] ;
126 -> 128 ;
129 [label="X[1] <= -13.097\ngini = 0.667\nsamples = 3\nvalue = [0, 0, 0, 0, 0, 0, 0, 0, 1, 0, 0, 0, 0, 0\n0, 0, 0, 0, 0, 0, 0, 0, 0, 0, 0, 0, 0, 1\n0, 0, 0, 0, 0, 1, 0, 0, 0, 0, 0, 0, 0, 0\n0, 0, 0, 0, 0, 0, 0, 0]"] ;
111 -> 129 ;
130 [label="gini = 0.0\nsamples = 1\nvalue = [0, 0, 0, 0, 0, 0, 0, 0, 1, 0, 0, 0, 0, 0\n0, 0, 0, 0, 0, 0, 0, 0, 0, 0, 0, 0, 0, 0\n0, 0, 0, 0, 0, 0, 0, 0, 0, 0, 0, 0, 0, 0\n0, 0, 0, 0, 0, 0, 0, 0]"] ;
129 -> 130 ;
131 [label="X[1] <= -12.385\ngini = 0.5\nsamples = 2\nvalue = [0, 0, 0, 0, 0, 0, 0, 0, 0, 0, 0, 0, 0, 0\n0, 0, 0, 0, 0, 0, 0, 0, 0, 0, 0, 0, 0, 1\n0, 0, 0, 0, 0, 1, 0, 0, 0, 0, 0, 0, 0, 0\n0, 0, 0, 0, 0, 0, 0, 0]"] ;
129 -> 131 ;
132 [label="gini = 0.0\nsamples = 1\nvalue = [0, 0, 0, 0, 0, 0, 0, 0, 0, 0, 0, 0, 0, 0\n0, 0, 0, 0, 0, 0, 0, 0, 0, 0, 0, 0, 0, 1\n0, 0, 0, 0, 0, 0, 0, 0, 0, 0, 0, 0, 0, 0\n0, 0, 0, 0, 0, 0, 0, 0]"] ;
131 -> 132 ;
133 [label="gini = 0.0\nsamples = 1\nvalue = [0, 0, 0, 0, 0, 0, 0, 0, 0, 0, 0, 0, 0, 0\n0, 0, 0, 0, 0, 0, 0, 0, 0, 0, 0, 0, 0, 0\n0, 0, 0, 0, 0, 1, 0, 0, 0, 0, 0, 0, 0, 0\n0, 0, 0, 0, 0, 0, 0, 0]"] ;
131 -> 133 ;
134 [label="X[1] <= -9.508\ngini = 0.926\nsamples = 28\nvalue = [0, 0, 0, 0, 0, 0, 0, 0, 0, 0, 0, 0, 0, 0\n0, 0, 0, 0, 0, 0, 0, 0, 0, 0, 0, 1, 1, 0\n0, 0, 0, 3, 0, 0, 1, 1, 1, 1, 2, 2, 3, 0\n3, 1, 1, 3, 1, 1, 2, 0]"] ;
0 -> 134 [labeldistance=2.5, labelangle=-45, headlabel="False"] ;
135 [label="gini = 0.0\nsamples = 3\nvalue = [0, 0, 0, 0, 0, 0, 0, 0, 0, 0, 0, 0, 0, 0\n0, 0, 0, 0, 0, 0, 0, 0, 0, 0, 0, 0, 0, 0\n0, 0, 0, 0, 0, 0, 0, 0, 0, 0, 0, 0, 3, 0\n0, 0, 0, 0, 0, 0, 0, 0]"] ;
134 -> 135 ;
136 [label="X[1] <= -4.412\ngini = 0.922\nsamples = 25\nvalue = [0, 0, 0, 0, 0, 0, 0, 0, 0, 0, 0, 0, 0, 0\n0, 0, 0, 0, 0, 0, 0, 0, 0, 0, 0, 1, 1, 0\n0, 0, 0, 3, 0, 0, 1, 1, 1, 1, 2, 2, 0, 0\n3, 1, 1, 3, 1, 1, 2, 0]"] ;
134 -> 136 ;
137 [label="X[1] <= -8.193\ngini = 0.909\nsamples = 22\nvalue = [0, 0, 0, 0, 0, 0, 0, 0, 0, 0, 0, 0, 0, 0\n0, 0, 0, 0, 0, 0, 0, 0, 0, 0, 0, 1, 1, 0\n0, 0, 0, 3, 0, 0, 1, 1, 1, 1, 2, 2, 0, 0\n3, 1, 1, 3, 1, 0, 0, 0]"] ;
136 -> 137 ;
138 [label="X[2] <= -4.225\ngini = 0.781\nsamples = 8\nvalue = [0, 0, 0, 0, 0, 0, 0, 0, 0, 0, 0, 0, 0, 0\n0, 0, 0, 0, 0, 0, 0, 0, 0, 0, 0, 0, 1, 0\n0, 0, 0, 3, 0, 0, 1, 0, 0, 0, 1, 0, 0, 0\n1, 0, 1, 0, 0, 0, 0, 0]"] ;
137 -> 138 ;
139 [label="X[0] <= 54.5\ngini = 0.375\nsamples = 4\nvalue = [0, 0, 0, 0, 0, 0, 0, 0, 0, 0, 0, 0, 0, 0\n0, 0, 0, 0, 0, 0, 0, 0, 0, 0, 0, 0, 0, 0\n0, 0, 0, 3, 0, 0, 0, 0, 0, 0, 0, 0, 0, 0\n1, 0, 0, 0, 0, 0, 0, 0]"] ;
138 -> 139 ;
140 [label="gini = 0.0\nsamples = 1\nvalue = [0, 0, 0, 0, 0, 0, 0, 0, 0, 0, 0, 0, 0, 0\n0, 0, 0, 0, 0, 0, 0, 0, 0, 0, 0, 0, 0, 0\n0, 0, 0, 0, 0, 0, 0, 0, 0, 0, 0, 0, 0, 0\n1, 0, 0, 0, 0, 0, 0, 0]"] ;
139 -> 140 ;
141 [label="gini = 0.0\nsamples = 3\nvalue = [0, 0, 0, 0, 0, 0, 0, 0, 0, 0, 0, 0, 0, 0\n0, 0, 0, 0, 0, 0, 0, 0, 0, 0, 0, 0, 0, 0\n0, 0, 0, 3, 0, 0, 0, 0, 0, 0, 0, 0, 0, 0\n0, 0, 0, 0, 0, 0, 0, 0]"] ;
139 -> 141 ;
142 [label="X[0] <= 53.05\ngini = 0.75\nsamples = 4\nvalue = [0, 0, 0, 0, 0, 0, 0, 0, 0, 0, 0, 0, 0, 0\n0, 0, 0, 0, 0, 0, 0, 0, 0, 0, 0, 0, 1, 0\n0, 0, 0, 0, 0, 0, 1, 0, 0, 0, 1, 0, 0, 0\n0, 0, 1, 0, 0, 0, 0, 0]"] ;
138 -> 142 ;
143 [label="gini = 0.0\nsamples = 1\nvalue = [0, 0, 0, 0, 0, 0, 0, 0, 0, 0, 0, 0, 0, 0\n0, 0, 0, 0, 0, 0, 0, 0, 0, 0, 0, 0, 0, 0\n0, 0, 0, 0, 0, 0, 0, 0, 0, 0, 0, 0, 0, 0\n0, 0, 1, 0, 0, 0, 0, 0]"] ;
142 -> 143 ;
144 [label="X[1] <= -8.695\ngini = 0.667\nsamples = 3\nvalue = [0, 0, 0, 0, 0, 0, 0, 0, 0, 0, 0, 0, 0, 0\n0, 0, 0, 0, 0, 0, 0, 0, 0, 0, 0, 0, 1, 0\n0, 0, 0, 0, 0, 0, 1, 0, 0, 0, 1, 0, 0, 0\n0, 0, 0, 0, 0, 0, 0, 0]"] ;
142 -> 144 ;
145 [label="gini = 0.0\nsamples = 1\nvalue = [0, 0, 0, 0, 0, 0, 0, 0, 0, 0, 0, 0, 0, 0\n0, 0, 0, 0, 0, 0, 0, 0, 0, 0, 0, 0, 0, 0\n0, 0, 0, 0, 0, 0, 0, 0, 0, 0, 1, 0, 0, 0\n0, 0, 0, 0, 0, 0, 0, 0]"] ;
144 -> 145 ;
146 [label="X[0] <= 58.85\ngini = 0.5\nsamples = 2\nvalue = [0, 0, 0, 0, 0, 0, 0, 0, 0, 0, 0, 0, 0, 0\n0, 0, 0, 0, 0, 0, 0, 0, 0, 0, 0, 0, 1, 0\n0, 0, 0, 0, 0, 0, 1, 0, 0, 0, 0, 0, 0, 0\n0, 0, 0, 0, 0, 0, 0, 0]"] ;
144 -> 146 ;
147 [label="gini = 0.0\nsamples = 1\nvalue = [0, 0, 0, 0, 0, 0, 0, 0, 0, 0, 0, 0, 0, 0\n0, 0, 0, 0, 0, 0, 0, 0, 0, 0, 0, 0, 0, 0\n0, 0, 0, 0, 0, 0, 1, 0, 0, 0, 0, 0, 0, 0\n0, 0, 0, 0, 0, 0, 0, 0]"] ;
146 -> 147 ;
148 [label="gini = 0.0\nsamples = 1\nvalue = [0, 0, 0, 0, 0, 0, 0, 0, 0, 0, 0, 0, 0, 0\n0, 0, 0, 0, 0, 0, 0, 0, 0, 0, 0, 0, 1, 0\n0, 0, 0, 0, 0, 0, 0, 0, 0, 0, 0, 0, 0, 0\n0, 0, 0, 0, 0, 0, 0, 0]"] ;
146 -> 148 ;
149 [label="X[1] <= -5.682\ngini = 0.878\nsamples = 14\nvalue = [0, 0, 0, 0, 0, 0, 0, 0, 0, 0, 0, 0, 0, 0\n0, 0, 0, 0, 0, 0, 0, 0, 0, 0, 0, 1, 0, 0\n0, 0, 0, 0, 0, 0, 0, 1, 1, 1, 1, 2, 0, 0\n2, 1, 0, 3, 1, 0, 0, 0]"] ;
137 -> 149 ;
150 [label="X[2] <= -1.865\ngini = 0.876\nsamples = 11\nvalue = [0, 0, 0, 0, 0, 0, 0, 0, 0, 0, 0, 0, 0, 0\n0, 0, 0, 0, 0, 0, 0, 0, 0, 0, 0, 1, 0, 0\n0, 0, 0, 0, 0, 0, 0, 1, 1, 1, 0, 2, 0, 0\n2, 1, 0, 1, 1, 0, 0, 0]"] ;
149 -> 150 ;
151 [label="X[0] <= 47.75\ngini = 0.857\nsamples = 7\nvalue = [0, 0, 0, 0, 0, 0, 0, 0, 0, 0, 0, 0, 0, 0\n0, 0, 0, 0, 0, 0, 0, 0, 0, 0, 0, 1, 0, 0\n0, 0, 0, 0, 0, 0, 0, 1, 1, 1, 0, 0, 0, 0\n0, 1, 0, 1, 1, 0, 0, 0]"] ;
150 -> 151 ;
152 [label="gini = 0.0\nsamples = 1\nvalue = [0, 0, 0, 0, 0, 0, 0, 0, 0, 0, 0, 0, 0, 0\n0, 0, 0, 0, 0, 0, 0, 0, 0, 0, 0, 0, 0, 0\n0, 0, 0, 0, 0, 0, 0, 0, 1, 0, 0, 0, 0, 0\n0, 0, 0, 0, 0, 0, 0, 0]"] ;
151 -> 152 ;
153 [label="X[0] <= 51.0\ngini = 0.833\nsamples = 6\nvalue = [0, 0, 0, 0, 0, 0, 0, 0, 0, 0, 0, 0, 0, 0\n0, 0, 0, 0, 0, 0, 0, 0, 0, 0, 0, 1, 0, 0\n0, 0, 0, 0, 0, 0, 0, 1, 0, 1, 0, 0, 0, 0\n0, 1, 0, 1, 1, 0, 0, 0]"] ;
151 -> 153 ;
154 [label="gini = 0.0\nsamples = 1\nvalue = [0, 0, 0, 0, 0, 0, 0, 0, 0, 0, 0, 0, 0, 0\n0, 0, 0, 0, 0, 0, 0, 0, 0, 0, 0, 0, 0, 0\n0, 0, 0, 0, 0, 0, 0, 0, 0, 0, 0, 0, 0, 0\n0, 0, 0, 0, 1, 0, 0, 0]"] ;
153 -> 154 ;
155 [label="X[1] <= -8.073\ngini = 0.8\nsamples = 5\nvalue = [0, 0, 0, 0, 0, 0, 0, 0, 0, 0, 0, 0, 0, 0\n0, 0, 0, 0, 0, 0, 0, 0, 0, 0, 0, 1, 0, 0\n0, 0, 0, 0, 0, 0, 0, 1, 0, 1, 0, 0, 0, 0\n0, 1, 0, 1, 0, 0, 0, 0]"] ;
153 -> 155 ;
156 [label="gini = 0.0\nsamples = 1\nvalue = [0, 0, 0, 0, 0, 0, 0, 0, 0, 0, 0, 0, 0, 0\n0, 0, 0, 0, 0, 0, 0, 0, 0, 0, 0, 0, 0, 0\n0, 0, 0, 0, 0, 0, 0, 0, 0, 0, 0, 0, 0, 0\n0, 0, 0, 1, 0, 0, 0, 0]"] ;
155 -> 156 ;
157 [label="X[0] <= 53.8\ngini = 0.75\nsamples = 4\nvalue = [0, 0, 0, 0, 0, 0, 0, 0, 0, 0, 0, 0, 0, 0\n0, 0, 0, 0, 0, 0, 0, 0, 0, 0, 0, 1, 0, 0\n0, 0, 0, 0, 0, 0, 0, 1, 0, 1, 0, 0, 0, 0\n0, 1, 0, 0, 0, 0, 0, 0]"] ;
155 -> 157 ;
158 [label="gini = 0.0\nsamples = 1\nvalue = [0, 0, 0, 0, 0, 0, 0, 0, 0, 0, 0, 0, 0, 0\n0, 0, 0, 0, 0, 0, 0, 0, 0, 0, 0, 0, 0, 0\n0, 0, 0, 0, 0, 0, 0, 1, 0, 0, 0, 0, 0, 0\n0, 0, 0, 0, 0, 0, 0, 0]"] ;
157 -> 158 ;
159 [label="X[0] <= 63.65\ngini = 0.667\nsamples = 3\nvalue = [0, 0, 0, 0, 0, 0, 0, 0, 0, 0, 0, 0, 0, 0\n0, 0, 0, 0, 0, 0, 0, 0, 0, 0, 0, 1, 0, 0\n0, 0, 0, 0, 0, 0, 0, 0, 0, 1, 0, 0, 0, 0\n0, 1, 0, 0, 0, 0, 0, 0]"] ;
157 -> 159 ;
160 [label="gini = 0.0\nsamples = 1\nvalue = [0, 0, 0, 0, 0, 0, 0, 0, 0, 0, 0, 0, 0, 0\n0, 0, 0, 0, 0, 0, 0, 0, 0, 0, 0, 1, 0, 0\n0, 0, 0, 0, 0, 0, 0, 0, 0, 0, 0, 0, 0, 0\n0, 0, 0, 0, 0, 0, 0, 0]"] ;
159 -> 160 ;
161 [label="X[2] <= -4.736\ngini = 0.5\nsamples = 2\nvalue = [0, 0, 0, 0, 0, 0, 0, 0, 0, 0, 0, 0, 0, 0\n0, 0, 0, 0, 0, 0, 0, 0, 0, 0, 0, 0, 0, 0\n0, 0, 0, 0, 0, 0, 0, 0, 0, 1, 0, 0, 0, 0\n0, 1, 0, 0, 0, 0, 0, 0]"] ;
159 -> 161 ;
162 [label="gini = 0.0\nsamples = 1\nvalue = [0, 0, 0, 0, 0, 0, 0, 0, 0, 0, 0, 0, 0, 0\n0, 0, 0, 0, 0, 0, 0, 0, 0, 0, 0, 0, 0, 0\n0, 0, 0, 0, 0, 0, 0, 0, 0, 1, 0, 0, 0, 0\n0, 0, 0, 0, 0, 0, 0, 0]"] ;
161 -> 162 ;
163 [label="gini = 0.0\nsamples = 1\nvalue = [0, 0, 0, 0, 0, 0, 0, 0, 0, 0, 0, 0, 0, 0\n0, 0, 0, 0, 0, 0, 0, 0, 0, 0, 0, 0, 0, 0\n0, 0, 0, 0, 0, 0, 0, 0, 0, 0, 0, 0, 0, 0\n0, 1, 0, 0, 0, 0, 0, 0]"] ;
161 -> 163 ;
164 [label="X[1] <= -6.971\ngini = 0.5\nsamples = 4\nvalue = [0, 0, 0, 0, 0, 0, 0, 0, 0, 0, 0, 0, 0, 0\n0, 0, 0, 0, 0, 0, 0, 0, 0, 0, 0, 0, 0, 0\n0, 0, 0, 0, 0, 0, 0, 0, 0, 0, 0, 2, 0, 0\n2, 0, 0, 0, 0, 0, 0, 0]"] ;
150 -> 164 ;
165 [label="gini = 0.0\nsamples = 1\nvalue = [0, 0, 0, 0, 0, 0, 0, 0, 0, 0, 0, 0, 0, 0\n0, 0, 0, 0, 0, 0, 0, 0, 0, 0, 0, 0, 0, 0\n0, 0, 0, 0, 0, 0, 0, 0, 0, 0, 0, 0, 0, 0\n1, 0, 0, 0, 0, 0, 0, 0]"] ;
164 -> 165 ;
166 [label="X[0] <= 61.75\ngini = 0.444\nsamples = 3\nvalue = [0, 0, 0, 0, 0, 0, 0, 0, 0, 0, 0, 0, 0, 0\n0, 0, 0, 0, 0, 0, 0, 0, 0, 0, 0, 0, 0, 0\n0, 0, 0, 0, 0, 0, 0, 0, 0, 0, 0, 2, 0, 0\n1, 0, 0, 0, 0, 0, 0, 0]"] ;
164 -> 166 ;
167 [label="gini = 0.0\nsamples = 1\nvalue = [0, 0, 0, 0, 0, 0, 0, 0, 0, 0, 0, 0, 0, 0\n0, 0, 0, 0, 0, 0, 0, 0, 0, 0, 0, 0, 0, 0\n0, 0, 0, 0, 0, 0, 0, 0, 0, 0, 0, 0, 0, 0\n1, 0, 0, 0, 0, 0, 0, 0]"] ;
166 -> 167 ;
168 [label="gini = 0.0\nsamples = 2\nvalue = [0, 0, 0, 0, 0, 0, 0, 0, 0, 0, 0, 0, 0, 0\n0, 0, 0, 0, 0, 0, 0, 0, 0, 0, 0, 0, 0, 0\n0, 0, 0, 0, 0, 0, 0, 0, 0, 0, 0, 2, 0, 0\n0, 0, 0, 0, 0, 0, 0, 0]"] ;
166 -> 168 ;
169 [label="X[2] <= -1.998\ngini = 0.444\nsamples = 3\nvalue = [0, 0, 0, 0, 0, 0, 0, 0, 0, 0, 0, 0, 0, 0\n0, 0, 0, 0, 0, 0, 0, 0, 0, 0, 0, 0, 0, 0\n0, 0, 0, 0, 0, 0, 0, 0, 0, 0, 1, 0, 0, 0\n0, 0, 0, 2, 0, 0, 0, 0]"] ;
149 -> 169 ;
170 [label="gini = 0.0\nsamples = 1\nvalue = [0, 0, 0, 0, 0, 0, 0, 0, 0, 0, 0, 0, 0, 0\n0, 0, 0, 0, 0, 0, 0, 0, 0, 0, 0, 0, 0, 0\n0, 0, 0, 0, 0, 0, 0, 0, 0, 0, 1, 0, 0, 0\n0, 0, 0, 0, 0, 0, 0, 0]"] ;
169 -> 170 ;
171 [label="gini = 0.0\nsamples = 2\nvalue = [0, 0, 0, 0, 0, 0, 0, 0, 0, 0, 0, 0, 0, 0\n0, 0, 0, 0, 0, 0, 0, 0, 0, 0, 0, 0, 0, 0\n0, 0, 0, 0, 0, 0, 0, 0, 0, 0, 0, 0, 0, 0\n0, 0, 0, 2, 0, 0, 0, 0]"] ;
169 -> 171 ;
172 [label="X[0] <= 64.35\ngini = 0.444\nsamples = 3\nvalue = [0, 0, 0, 0, 0, 0, 0, 0, 0, 0, 0, 0, 0, 0\n0, 0, 0, 0, 0, 0, 0, 0, 0, 0, 0, 0, 0, 0\n0, 0, 0, 0, 0, 0, 0, 0, 0, 0, 0, 0, 0, 0\n0, 0, 0, 0, 0, 1, 2, 0]"] ;
136 -> 172 ;
173 [label="gini = 0.0\nsamples = 1\nvalue = [0, 0, 0, 0, 0, 0, 0, 0, 0, 0, 0, 0, 0, 0\n0, 0, 0, 0, 0, 0, 0, 0, 0, 0, 0, 0, 0, 0\n0, 0, 0, 0, 0, 0, 0, 0, 0, 0, 0, 0, 0, 0\n0, 0, 0, 0, 0, 1, 0, 0]"] ;
172 -> 173 ;
174 [label="gini = 0.0\nsamples = 2\nvalue = [0, 0, 0, 0, 0, 0, 0, 0, 0, 0, 0, 0, 0, 0\n0, 0, 0, 0, 0, 0, 0, 0, 0, 0, 0, 0, 0, 0\n0, 0, 0, 0, 0, 0, 0, 0, 0, 0, 0, 0, 0, 0\n0, 0, 0, 0, 0, 0, 2, 0]"] ;
172 -> 174 ;
}